//Pawns
0,  0,  0,  0,  0,  0,  0,  0,
50, 50, 50, 50, 50, 50, 50, 50,
10, 10, 20, 30, 30, 20, 10, 10,
5,  5, 10, 25, 25, 10,  5,  5,
0,  0,  0, 20, 20,  0,  0,  0,
5, -5,-10,  0,  0,-10, -5,  5,
5, 10, 10,-20,-20, 10, 10,  5,
0,  0,  0,  0,  0,  0,  0,  0,
//Knights
-50,-40,-30,-30,-30,-30,-40,-50,
-40,-20,  0,  0,  0,  0,-20,-40,
-30,  0, 10, 15, 15, 10,  0,-30,
-30,  5, 15, 20, 20, 15,  5,-30,
-30,  0, 15, 20, 20, 15,  0,-30,
-30,  5, 10, 15, 15, 10,  5,-30,
-40,-20,  0,  5,  5,  0,-20,-40,
-50,-40,-30,-30,-30,-30,-40,-50,
//Bishops
-20,-10,-10,-10,-10,-10,-10,-20,
-10,  0,  0,  0,  0,  0,  0,-10,
-10,  0,  5, 10, 10,  5,  0,-10,
-10,  5,  5, 10, 10,  5,  5,-10,
-10,  0, 10, 10, 10, 10,  0,-10,
-10, 10, 10, 10, 10, 10, 10,-10,
-10,  5,  0,  0,  0,  0,  5,-10,
-20,-10,-10,-10,-10,-10,-10,-20,
//Rooks
0,  0,  0,  0,  0,  0,  0,  0,
5, 10, 10, 10, 10, 10, 10,  5,
-5,  0,  0,  0,  0,  0,  0, -5,
-5,  0,  0,  0,  0,  0,  0, -5,
-5,  0,  0,  0,  0,  0,  0, -5,
-5,  0,  0,  0,  0,  0,  0, -5,
-5,  0,  0,  0,  0,  0,  0, -5,
0,  0,  0,  5,  5,  0,  0,  0,
//Queens
-20,-10,-10, -5, -5,-10,-10,-20,
-10,  0,  0,  0,  0,  0,  0,-10,
-10,  0,  5,  5,  5,  5,  0,-10,
-5,  0,  5,  5,  5,  5,  0, -5,
0,  0,  5,  5,  5,  5,  0, -5,
-10,  5,  5,  5,  5,  5,  0,-10,
-10,  0,  5,  0,  0,  0,  0,-10,
-20,-10,-10, -5, -5,-10,-10,-20,
//Kings in opening
-30,-40,-40,-50,-50,-40,-40,-30,
-30,-40,-40,-50,-50,-40,-40,-30,
-30,-40,-40,-50,-50,-40,-40,-30,
-30,-40,-40,-50,-50,-40,-40,-30,
-20,-30,-30,-40,-40,-30,-30,-20,
-10,-20,-20,-20,-20,-20,-20,-10,
20, 20,  0,  0,  0,  0, 20, 20,
20, 30, 10,  0,  0, 10, 30, 20

Compressed:
9259542123273814144,
12876550765177647794,
9982954933006404234,
9621248571257554309,
9259542209508704384,
9618411723462966149,
9622655752112605829,
9259542123273814144,
5645370307605846094,
6371608862222478424,
7097825361929076834,
7099238255929820514,
7097830881046265954,
7099232736812631394,
6371608883781200984,
5645370307605846094,
7815564454513768044,
8538966182894534774,
8538971723570446454,
8540379098454001014,
8538977221128913014,
8541791970896022134,
8540373557778089334,
7815564454513768044,
9259542123273814144,
9622655881464941189,
8899254153084174459,
8899254153084174459,
8899254153084174459,
8899254153084174459,
8899254153084174459,
9259542144832536704,
7815564476072490604,
8538966182894534774,
8538971702011723894,
8899259672201363579,
9259547642391003259,
8540379076895277174,
8538971680452673654,
7815564476072490604,
7086511107012581474,
7086511107012581474,
7086511107012581474,
7086511107012581474,
7809912835393348204,
8533314606891560054,
10706323503566591124,
10709149248450633364

PESTO

//MIDDLEGAME:

//Pawns
0,   0,   0,   0,   0,   0,  0,   0,
98, 127,  61,  95,  68, 126, 34, -11,
-6,   7,  26,  31,  65,  56, 25, -20,
-14,  13,   6,  21,  23,  12, 17, -23,
-27,  -2,  -5,  12,  17,   6, 10, -25,
-26,  -4,  -4, -10,   3,   3, 33, -12,
-35,  -1, -20, -23, -15,  24, 38, -22,
0,   0,   0,   0,   0,   0,  0,   0,
//Knights
-128, -89, -34, -49,  61, -97, -15, -107,
-73, -41,  72,  36,  23,  62,   7,  -17,
-47,  60,  37,  65,  84, 127,  73,   44,
-9,  17,  19,  53,  37,  69,  18,   22,
-13,   4,  16,  13,  28,  19,  21,   -8,
-23,  -9,  12,  10,  19,  17,  25,  -16,
-29, -53, -12,  -3,  -1,  18, -14,  -19,
-105, -21, -58, -33, -17, -28, -19,  -23,
//Bishops
-29,   4, -82, -37, -25, -42,   7,  -8,
-26,  16, -18, -13,  30,  59,  18, -47,
-16,  37,  43,  40,  35,  50,  37,  -2,
-4,   5,  19,  50,  37,  37,   7,  -2,
-6,  13,  13,  26,  34,  12,  10,   4,
0,  15,  15,  15,  14,  27,  18,  10,
4,  15,  16,   0,   7,  21,  33,   1,
-33,  -3, -14, -21, -13, -12, -39, -21,
//Rooks
32,  42,  32,  51, 63,  9,  31,  43,
27,  32,  58,  62, 80, 67,  26,  44,
-5,  19,  26,  36, 17, 45,  61,  16,
-24, -11,   7,  26, 24, 35,  -8, -20,
-36, -26, -12,  -1,  9, -7,   6, -23,
-45, -25, -16, -17,  3,  0,  -5, -33,
-44, -16, -20,  -9, -1, 11,  -6, -71,
-19, -13,   1,  17, 16,  7, -37, -26,
//Queens
-28,   0,  29,  12,  59,  44,  43,  45,
-24, -39,  -5,   1, -16,  57,  28,  54,
-13, -17,   7,   8,  29,  56,  47,  57,
-27, -27, -16, -16,  -1,  17,  -2,   1,
-9, -26,  -9, -10,  -2,  -4,   3,  -3,
-14,   2, -11,  -2,  -5,   2,  14,   5,
-35,  -8,  11,   2,   8,  15,  -3,   1,
-1, -18,  -9,  10, -15, -25, -31, -50,
//Kings
-65,  23,  16, -15, -56, -34,   2,  13,
29,  -1, -20,  -7,  -8,  -4, -38, -29,
-9,  24,   2, -16, -20,   6,  22, -22,
-17, -20, -12, -27, -30, -25, -14, -36,
-49,  -1, -27, -39, -46, -44, -33, -51,
-14, -14, -22, -46, -44, -30, -15, -27,
1,   7,  -8, -64, -43, -16,   9,   8,
-15,  36,  12, -54,   8, -28,  24,  14

9259542123273814144,
16357001140413309557,
8829195605423724908,
8254401669090808169,
7313418688563415655,
7384914337435197812,
6737222767702746730,
9259542123273814144,
11081220660097301,
3987876604305901423,
5889764664614570412,
8615829970516021910,
8323936949179225464,
7599697423020169584,
7154940515368202861,
1687519861085072745,
7170907476791297912,
7390528431378371153,
8117082644194436478,
8972740228098131838,
8830870139635010180,
9263780805260055178,
9552012216381055361,
6880781611516057963,
11577242485982338987,
11214168400861567660,
8904630919850999184,
7527071450275215468,
6658137190229968489,
6009895851999132511,
6084482357074295353,
7886789834650901350,
7241961428581395373,
7519176848743963830,
8318016057608023993,
7306369598957387393,
8603695488949846909,
8251286653394652805,
6735286635485691265,
9182408126746812750,
4582289962092626573,
11348908854965197411,
8617781306342151786,
8028920214486217308,
5728408685346316109,
8246770769504399717,
9333560970455320968,
8188824274210166926

//ENDGAME

//Pawns
0,   0,   0,   0,   0,   0,   0,   0,
126, 125, 123, 121, 122, 120, 124, 127,
94, 100,  85,  67,  56,  53,  82,  84,
32,  24,  13,   5,  -2,   4,  17,  17,
13,   9,  -3,  -7,  -7,  -8,   3,  -1,
4,   7,  -6,   1,   0,  -5,  -1,  -8,
13,   8,   8,  10,  13,   0,   2,  -7,
0,   0,   0,   0,   0,   0,   0,   0,
//Knights
-58, -38, -13, -28, -31, -27, -63, -99,
-25,  -8, -25,  -2,  -9, -25, -24, -52,
-24, -20,  10,   9,  -1,  -9, -19, -41,
-17,   3,  22,  22,  22,  11,   8, -18,
-18,  -6,  16,  25,  16,  17,   4, -18,
-23,  -3,  -1,  15,  10,  -3, -20, -22,
-42, -20, -10,  -5,  -2, -20, -23, -44,
-29, -51, -23, -15, -22, -18, -50, -64,
//Bishops
-14, -21, -11,  -8, -7,  -9, -17, -24,
-8,  -4,   7, -12, -3, -13,  -4, -14,
2,  -8,   0,  -1, -2,   6,   0,   4,
-3,   9,  12,   9, 14,  10,   3,   2,
-6,   3,  13,  19,  7,  10,  -3,  -9,
-12,  -3,   8,  10, 13,   3,  -7, -15,
-14, -18,  -7,  -1,  4,  -9, -15, -27,
-23,  -9, -23,  -5, -9, -16,  -5, -17,
//Rooks
13, 10, 18, 15, 12,  12,   8,   5,
11, 13, 13, 11, -3,   3,   8,   3,
7,  7,  7,  5,  4,  -3,  -5,  -3,
4,  3, 13,  1,  2,   1,  -1,   2,
3,  5,  8,  4, -5,  -6,  -8, -11,
-4,  0, -5, -1, -7, -12,  -8, -16,
-6, -6,  0,  2, -9,  -9, -11,  -3,
-9,  2,  3, -1, -5, -13,   4, -20,
//Queens
-9,  22,  22,  27,  27,  19,  10,  20,
-17,  20,  32,  41,  58,  25,  30,   0,
-20,   6,   9,  49,  47,  35,  19,   9,
3,  22,  24,  45,  57,  40,  57,  36,
-18,  28,  19,  47,  31,  34,  39,  23,
-16, -27,  15,   6,   9,  17,  10,   5,
-22, -23, -30, -16, -16, -23, -36, -32,
-33, -28, -22, -43,  -5, -32, -20, -41,
//Kings
-74, -35, -18, -18, -11,  15,   4, -17,
-12,  17,  14,  17,  17,  38,  23,  11,
10,  17,  23,  15,  20,  45,  44,  13,
-8,  22,  24,  27,  26,  33,  26,   3,
-18,  -4,  21,  24,  27,  23,   9, -11,
-19,  -3,  11,  21,  23,  16,   7,  -9,
-27, -11,   4,  13,  14,   4,  -5, -17,
-53, -34, -21, -11, -28, -14, -24, -43

9259542123273814144,
18374119105817541887,
16061197207704294100,
11572154847021273489,
10198820791839654783,
9549736231487373176,
10198551484841362041,
9259542123273814144,
5069491205526864157,
7455822975978661964,
7524541400582942039,
8035431733674084462,
7960834280560624750,
7601372000551791722,
6227482657520642388,
7155491318799420992,
8244812703126220648,
8681963116054150258,
9401405507207856260,
9045915848980202370,
8828055359350013303,
8394015409149540721,
8245661556352184677,
7599658875216755567,
10199125451369908357,
10055849173233928323,
9765923324499426173,
9548631222335405954,
9477131093459761269,
8971306245150767216,
8825507717624329597,
8611590021041063020,
8617240532094257812,
8040227885603724928,
7820089199224394633,
9481933937386764708,
7970407823045732247,
8099037312892111493,
7667768075636792416,
6873735846648900695,
3917408671579997295,
8399651535887701899,
9984928491787627661,
8689300325139585667,
7961402723962161525,
7889615596832196471,
7310895313622170479,
5430896352595961941